20
(0.000000, 1.000000, 0.000000) (1.000000, 1.000000, 1.000000) (0.000000, 0.000000) 
(0.250000, 0.420788, 0.000000) (0.710394, 0.710394, 0.710394) (0.000000, 0.000000) 
(0.500000, -0.252406, 0.000000) (0.373797, 0.373797, 0.373797) (0.000000, 0.000000) 
(0.750000, -0.467639, 0.000000) (0.266180, 0.266180, 0.266180) (0.000000, 0.000000) 
(1.000000, -0.240462, 0.000000) (0.379769, 0.379769, 0.379769) (0.000000, 0.000000) 
(1.250000, 0.081271, 0.000000) (0.540635, 0.540635, 0.540635) (0.000000, 0.000000) 
(1.500000, 0.214243, 0.000000) (0.607121, 0.607121, 0.607121) (0.000000, 0.000000) 
(1.750000, 0.131009, 0.000000) (0.565504, 0.565504, 0.565504) (0.000000, 0.000000) 
(2.000000, -0.019691, 0.000000) (0.490154, 0.490154, 0.490154) (0.000000, 0.000000) 
(2.250000, -0.096032, 0.000000) (0.451984, 0.451984, 0.451984) (0.000000, 0.000000) 
(2.500000, -0.068875, 0.000000) (0.465562, 0.465562, 0.465562) (0.000000, 0.000000) 
(2.750000, 0.000283, 0.000000) (0.500141, 0.500141, 0.500141) (0.000000, 0.000000) 
(3.000000, 0.042013, 0.000000) (0.521007, 0.521007, 0.521007) (0.000000, 0.000000) 
(3.250000, 0.035186, 0.000000) (0.517593, 0.517593, 0.517593) (0.000000, 0.000000) 
(3.500000, 0.004129, 0.000000) (0.502065, 0.502065, 0.502065) (0.000000, 0.000000) 
(3.750000, -0.017866, 0.000000) (0.491067, 0.491067, 0.491067) (0.000000, 0.000000) 
(4.000000, -0.017540, 0.000000) (0.491230, 0.491230, 0.491230) (0.000000, 0.000000) 
(4.250000, -0.003925, 0.000000) (0.498038, 0.498038, 0.498038) (0.000000, 0.000000) 
(4.500000, 0.007335, 0.000000) (0.503668, 0.503668, 0.503668) (0.000000, 0.000000) 
(4.750000, 0.008554, 0.000000) (0.504277, 0.504277, 0.504277) (0.000000, 0.000000) 
