11
(0.000000, 0.000000, 0.000000) (0.000000, 0.000000, 0.000000) (0.000000, 0.000000) 
(0.300000, 0.316500, 0.000000) (0.000000, 0.000000, 0.000000) (0.000000, 0.000000) 
(0.600000, 0.912000, 0.000000) (0.000000, 0.000000, 0.000000) (0.000000, 0.000000) 
(0.900000, 1.705500, 0.000000) (0.000000, 0.000000, 0.000000) (0.000000, 0.000000) 
(1.200000, 2.616000, 0.000000) (0.000000, 0.000000, 0.000000) (0.000000, 0.000000) 
(1.500000, 3.562500, 0.000000) (0.000000, 0.000000, 0.000000) (0.000000, 0.000000) 
(1.800000, 4.464000, 0.000000) (0.000000, 0.000000, 0.000000) (0.000000, 0.000000) 
(2.100000, 5.239500, 0.000000) (0.000000, 0.000000, 0.000000) (0.000000, 0.000000) 
(2.400000, 5.808000, 0.000000) (0.000000, 0.000000, 0.000000) (0.000000, 0.000000) 
(2.700000, 6.088500, 0.000000) (0.000000, 0.000000, 0.000000) (0.000000, 0.000000) 
(3.000000, 6.000000, 0.000000) (0.000000, 0.000000, 0.000000) (0.000000, 0.000000) 
